每幅图像的标定误差：
第1幅图像的平均误差：0.040924像素
第2幅图像的平均误差：0.131326像素
第3幅图像的平均误差：0.0867353像素
第4幅图像的平均误差：0.0514708像素
第5幅图像的平均误差：0.0699471像素
第6幅图像的平均误差：0.123995像素
第7幅图像的平均误差：0.0948306像素
第8幅图像的平均误差：0.0608545像素
第9幅图像的平均误差：0.0322161像素
总体平均误差：0.0769221像素

相机内参数矩阵：
[1003.738327554288, 0, 368.8345651646757;
 0, 1008.929667814666, 656.0278693753598;
 0, 0, 1]

畸变系数：
[0.354503698240021, -1.788549091372669, 0.01931608730394058, 0.01028567453709829, 2.936016046833423]


第1幅图像的旋转向量：
[2.941412475291231;
 0.9457462067992362;
 0.07000625587912664]
第1幅图像的旋转矩阵：
[0.8118045858421996, 0.5809696581029565, 0.0587160179960082;
 0.5832829601956898, -0.811525643525263, -0.03474360727185713;
 0.02746457265145725, 0.06245307249960909, -0.9976699409045215]
第1幅图像的平移向量：
[-19.83974370874978;
 -24.78016557918689;
 156.9168993558176]

第2幅图像的旋转向量：
[-0.8418989785895958;
 -2.977617527133186;
 0.2116209558693387]
第2幅图像的旋转矩阵：
[-0.8518967706638289, 0.5182489152920081, -0.0754317832958819;
 0.5237079239416701, 0.8433902998941483, -0.120095014239411;
 0.001379323473911245, -0.141812777432485, -0.9898925364016231]
第2幅图像的平移向量：
[10.93725188440534;
 -29.20644847441921;
 153.3354177679122]

第3幅图像的旋转向量：
[-0.4846479634083621;
 -2.896037068099155;
 0.1546665732418493]
第3幅图像的旋转矩阵：
[-0.9260385792247637, 0.3108906116494025, -0.2140083581910799;
 0.3319159604127209, 0.9407357035032456, -0.0696285241661426;
 0.1796784489322029, -0.1355114893376737, -0.9743471102470636]
第3幅图像的平移向量：
[-2.786617508808388;
 -42.29146757934866;
 143.6218318454529]

第4幅图像的旋转向量：
[-0.0597093490358853;
 -2.768572877916059;
 -0.001185042199263935]
第4幅图像的旋转矩阵：
[-0.9305676546388264, 0.04179191763595692, -0.3637269247117998;
 0.04148052769372401, 0.9991016848325295, 0.008671169877886431;
 0.3637625681158579, -0.007018474557221264, -0.931465262397179]
第4幅图像的平移向量：
[2.533751539081955;
 -32.12042372536362;
 135.1704131372922]

第5幅图像的旋转向量：
[0.9945753955947069;
 2.907678671317304;
 -0.1827611647328078]
第5幅图像的旋转矩阵：
[-0.7894681583827312, 0.6134243022650115, 0.0212285725017612;
 0.6059383261104511, 0.7844158402596041, -0.1324029248177071;
 -0.09787120031062971, -0.09166468753289089, -0.9909686237259251]
第5幅图像的平移向量：
[-3.05018891929695;
 -65.78430743520683;
 153.6714732984342]

第6幅图像的旋转向量：
[-2.569702436404597;
 -1.885126267995008;
 0.004511914896772575]
第6幅图像的旋转矩阵：
[0.3006091967448798, 0.9534306424991562, 0.02457886848583998;
 0.9533020642534217, -0.299581590522764, -0.0382889659042397;
 -0.02914249684846976, 0.03494110134923022, -0.9989643809035134]
第6幅图像的平移向量：
[0.5535742167469122;
 -22.9627998399094;
 154.4425572533002]

第7幅图像的旋转向量：
[-2.412086879961214;
 -2.060149617862768;
 0.05421254742590343]
第7幅图像的旋转矩阵：
[0.1562839489052094, 0.9876948272662693, -0.005852820349829826;
 0.9866356913026171, -0.1563874576286982, -0.04574905183977474;
 -0.04610140954894933, 0.001375241028264772, -0.9989358181333344]
第7幅图像的平移向量：
[-8.370463558015354;
 -20.54016265250676;
 154.1275563366312]

第8幅图像的旋转向量：
[-2.112620727776057;
 -2.363591541190494;
 -0.1035196484035133]
第8幅图像的旋转矩阵：
[-0.1124759000753395, 0.9914608547464872, 0.06598897944056756;
 0.9934336885992898, 0.110802838594633, 0.02849977746196355;
 0.02094464748454531, 0.06876121337452695, -0.997413263034441]
第8幅图像的平移向量：
[-12.29813952684505;
 -23.66872841097092;
 149.4363887392585]

第9幅图像的旋转向量：
[-1.729759336305683;
 -2.661859491883018;
 -0.07220637320504408]
第9幅图像的旋转矩阵：
[-0.4060989571541089, 0.9122878731224299, 0.05305161215362682;
 0.9138223430334377, 0.4056344104843737, 0.01973449781152626;
 -0.0035160163855655, 0.05649390750114931, -0.998396752821256]
第9幅图像的平移向量：
[3.896433840325349;
 -31.11949463998009;
 148.2492032704772]


