每幅图像的标定误差：
第1幅图像的平均误差：0.0505201像素
第2幅图像的平均误差：0.035149像素
第3幅图像的平均误差：0.0353373像素
第4幅图像的平均误差：0.041241像素
第5幅图像的平均误差：0.0414799像素
第6幅图像的平均误差：0.0429211像素
第7幅图像的平均误差：0.0399168像素
第8幅图像的平均误差：0.0466291像素
第9幅图像的平均误差：0.0298784像素
第10幅图像的平均误差：0.0314418像素
总体平均误差：0.0394514像素

相机内参数矩阵：
[378.8567573464854, 0, 187.0291889002065;
 0, 380.4904750477853, 256.9058522453833;
 0, 0, 1]

畸变系数：
[0.2566460947771901, -1.8087463313824, -0.002491524804823445, 0.004214703868006524, 2.99154231633768]


第1幅图像的旋转向量：
[-2.442517352706728;
 -1.469917502239619;
 0.4500561533643161]
第1幅图像的旋转矩阵：
[0.4417577922729328, 0.8086855494511863, -0.3884298328848826;
 0.8875311524066617, -0.457122871843762, 0.0576813101880915;
 -0.130914118695609, -0.3702247454535482, -0.9196712083021885]
第1幅图像的平移向量：
[-28.58401187004422;
 -2.728759070515345;
 131.3210633358848]

第2幅图像的旋转向量：
[-2.256930243094994;
 -1.779094209659374;
 0.4576313719581544]
第2幅图像的旋转矩阵：
[0.2136422860125109, 0.8995633006997833, -0.3809761694141245;
 0.9717417186872627, -0.2357547357013627, -0.01173613041447091;
 -0.1003743283418291, -0.3677031039146825, -0.9245103685635089]
第2幅图像的平移向量：
[-40.42881323907501;
 9.131394555133891;
 118.8591747882891]

第3幅图像的旋转向量：
[1.376317542239816;
 2.604006413926079;
 -0.377396243691792]
第3幅图像的旋转矩阵：
[-0.5587371621904299, 0.8286765722815038, 0.03328546438256298;
 0.7851313814340392, 0.5414533634358561, -0.3006608872325697;
 -0.2671731600944647, -0.1418569482816276, -0.9531500977020152]
第3幅图像的平移向量：
[-3.208734208361508;
 -22.63642374820078;
 101.8736699146592]

第4幅图像的旋转向量：
[2.061912737065795;
 2.030201861319681;
 -0.3503567759295831]
第4幅图像的旋转矩阵：
[0.01362081417311145, 0.999843900042745, -0.01125384239159744;
 0.9457848905632582, -0.01653537846212549, -0.3243725050637922;
 -0.3245079570727153, -0.006225496480412512, -0.9458624788995836]
第4幅图像的平移向量：
[-11.24593069927505;
 -41.45458677719672;
 109.8492772598679]

第5幅图像的旋转向量：
[2.454891080673142;
 1.427556994662014;
 -0.3916142371616035]
第5幅图像的旋转矩阵：
[0.4767111663863586, 0.8739778353572025, -0.09438859648758316;
 0.7998051046822081, -0.4757796806476355, -0.3659856418045877;
 -0.364771515289831, 0.09897696089076694, -0.9258214206022608]
第5幅图像的平移向量：
[-13.09019844041815;
 -31.32491932268745;
 113.9787556906063]

第6幅图像的旋转向量：
[2.673773242818481;
 1.071523626507908;
 -0.42078656863814]
第6幅图像的旋转矩阵：
[0.6913734315010408, 0.7002499677145422, -0.177912228163943;
 0.6341937641633388, -0.7061540922647724, -0.3148724622351893;
 -0.3461228794963019, 0.1048636290307468, -0.93231034081774]
第6幅图像的平移向量：
[-17.54864743642001;
 -23.01526417262012;
 108.3685632444482]

第7幅图像的旋转向量：
[-0.999387059791929;
 2.823679950444945;
 -0.7484756472268115]
第7幅图像的旋转矩阵：
[-0.7891277722290407, -0.5785293037617799, 0.2063521354038806;
 -0.6047826249333744, 0.6731387290142185, -0.4255845721825693;
 0.1073095320813987, -0.4606387914516463, -0.8810769365580046]
第7幅图像的平移向量：
[9.319639918911001;
 -22.94197511487237;
 123.412163595857]

第8幅图像的旋转向量：
[-1.598702010482455;
 2.595161675598145;
 -0.6954384265762994]
第8幅图像的旋转矩阵：
[-0.4769440961602515, -0.8455050854982009, 0.2400947303348434;
 -0.8522659055145922, 0.3781053051062531, -0.3614957877318912;
 0.2148654356458327, -0.3770378345036321, -0.9009302503066141]
第8幅图像的平移向量：
[2.59420198343033;
 -19.5037995982176;
 119.3502807365672]

第9幅图像的旋转向量：
[2.162092036365928;
 -2.347565647293235;
 0.4449425059434936]
第9幅图像的旋转矩阵：
[-0.09782465364821091, -0.964885457236662, 0.2437752890508091;
 -0.9871690542309849, 0.06301596204049975, -0.1467182568626464;
 0.126204577996643, -0.2550000841986298, -0.9586695789224674]
第9幅图像的平移向量：
[2.747690198426836;
 -21.33346595894358;
 100.4896404080742]

第10幅图像的旋转向量：
[1.950737243226314;
 -2.430793076389484;
 0.0419812953095391]
第10幅图像的旋转矩阵：
[-0.2164864397917441, -0.9762829259603857, -0.002295618549228409;
 -0.975621429757385, 0.2164252805965945, -0.03637201832234663;
 0.03600621035948483, -0.005634394103469109, -0.9993356825504808]
第10幅图像的平移向量：
[-11.02688417460974;
 -1.084008626696839;
 126.0194958823874]


